

RS MOTOR        24.09.26LVM03                    


SC315L                     234              123                023          


3 X   X    



  50.00   0.97   1.00   0.98   5.00 527.00 475.00   0.00   0.00  90.00  45.00


      1  415.0  0.600   2.30  3.840  3.840   0.00   0.75  1.100 0.0000  0.000


    3.0    6.0  400.0     90    4.4    7.0  33.43  250.0   70.0      1  415.0


    3.2    0.8      0N1         0.0   16.0   16.0  160.0


   7.50  10.50   3.75   0.00  16.86   0.22  16.86   0.00   0.00   0.00   0.00


  119.0     70    2.4    0.0    4.0    2.0    1.0    4.0   1.40   1.32N2   



   1.00   0.00   0.00   0.00  75.00   0.00   0.00   0.00   0.00   0.00


    7.0    0.0    1.0    1.0    5.0    1.0    5.0    0.0      1



   0.00  17.95   0.00  13.20   0.00   5.00   5.00   5.00   5.00   0.00


   0.00   2.40   6.85   6.85   0.00   0.00   0.00   0.00   0.00   0.00   0.00


   20.0   20.0   20.0   20.0   20.0    0.0    0.0    0.0    0.0    0.0    0.0


 0.0000 1000.0   20.0   0.00    0.0    0.0 0.0000 0.0000 0.0000 0.0000 0.0000



    0.0    0.0    0.0    0.0   10.0



      486.0000     1461.0000      4   0.00   0.00   0.00   0.00



  0.200  0.020  0.004  0.090  0.160  0.250  0.360  0.490  0.640  0.810  1.000



23            24            
