

CAGE MOTOR      17.09.26LVM01                    


SC317                      0124             ES03               002          


3 X   X    



  50.00   0.97   0.00   0.98   5.00 527.00 475.00   0.00   0.00  90.00   0.00


      0  415.0  0.600   1.73  3.840  3.840   0.00   0.75  1.100 0.0000  0.000


    3.0    6.0  400.0     90    4.4    7.0  33.47  250.0   70.0      0  415.0


    3.2    0.8      0N1         0.0    0.0    0.0    0.0


   7.50  10.50   3.75   1.00  16.86   0.22  16.86   0.00   0.00   0.00   0.00


  119.0     70    6.8   -1.9    4.0    2.0    1.0    5.0   1.40   1.32N2   



   1.00   0.00   0.00   0.00  75.00   0.00   0.00   0.00   0.00   0.00


    7.0    0.0    1.0    1.0    5.0    1.0    5.0    0.0      1



  20.00  17.95   0.00   0.00   0.00   1.00   1.00   1.00   1.00   0.00


   6.00   2.40   0.00   0.00   0.00   0.00   0.00   0.00   0.00   0.00   0.00


   43.3   43.3   43.3   43.3   43.3    0.0    0.0    0.0    0.0    0.0    0.0


 0.0000 1000.0   43.3   0.00    0.0    0.0 0.0000 0.0000 0.0000 0.0000 0.0000



    0.0    0.0    0.0    0.0    0.0



        0.0000        5.0000      0   0.00   0.00   0.00   0.00



  0.000  0.000  0.000  0.000  0.000  0.000  0.000  0.000  0.000  0.000  0.000



                            
